0.031761125,-0.060214339,-0.579809318,-0.173871396,-0.104319216,-0.405735255,-0.858936297,1.660946727,1.572836042,0.12572171,0.411248798,-0.53568207,1
-0.753483107,0.136494463,-0.780268915,0.710550287,0.533189884,-0.448729328,-0.702563733,0.031185084,-0.007721836,-0.441164086,-0.015686019,0.450698203,1
-0.364940687,-0.239052264,0.116194517,0.544264373,0.28429218,-0.271693031,-0.429346043,-0.213686187,0.485725695,-0.033487919,0.379699393,-0.312617029,1
0.308920827,0.262381288,0.494849419,0.218637802,-0.301343868,0.294648681,-0.221204823,0.191900464,0.133921849,-0.134122651,-0.239056525,-0.136090195,1
-0.043551472,-0.072815618,0.192299139,-0.332179545,0.299488177,0.074765052,-0.399103984,-0.103767409,0.119935726,-0.354467274,0.351113289,0.025134914,1
-0.281014628,0.525163915,0.354599899,0.744729829,-0.208114854,-0.320545792,-0.251531038,0.159453574,-0.013399429,0.052457882,0.006697584,-0.512052374,1
-1.406324292,-0.499770408,0.333071171,0.193156144,-0.073838005,0.029193838,0.157655674,-0.256291971,-0.222051709,0.258245932,-0.1312752,0.235249003,1
-0.177015524,0.075001008,-0.130012595,-0.060106747,-0.165638233,0.613749708,-0.119180986,0.203895341,-0.548881495,-0.182986597,0.658506793,-0.10461749,0
-0.699843048,0.084695447,-0.041239582,-0.200952016,-0.714203612,0.12630654,-0.094342748,-0.784868194,0.587567905,-0.251403206,-0.958066343,-0.431633964,0
-0.041239582,-0.200952016,-0.714203612,0.12630654,-0.094342748,-0.784868194,0.587567905,-0.251403206,-0.958066343,-0.431633964,0.547681209,-0.506479976,1
0.038199051,-0.123798109,-0.295052416,0.102269647,0.079431176,-0.054147391,-0.206686334,-0.239267181,0.330486307,0.530679588,-0.360719577,-0.01322872,1
-0.130012595,-0.060106747,-0.165638233,0.613749708,-0.119180986,0.203895341,-0.548881495,-0.182986597,0.658506793,-0.10461749,-0.008813465,0.028928854,1
0.203688414,-0.072865952,0.119788453,0.269838938,0.639392221,-0.131043505,0.244423061,-0.14735723,0.146165999,0.173623722,0.118831846,-0.790009693,0
0.191866375,-0.274316245,0.143508696,-0.107046825,-0.736993879,-0.334359342,0.248688113,0.043532564,-0.464607627,-0.049523877,0.215399931,-0.423093473,1
0.175948928,-0.166271001,-0.010829212,-0.178153759,0.017052753,-0.432159406,-0.837211028,0.15346306,-0.289340468,-0.641528076,-0.115262677,0.156433017,1
-0.054124754,0.024102407,-0.195635814,0.229189513,0.057198841,-0.664944186,-0.128021616,0.092543516,0.076777603,-0.048802693,0.157411196,-0.493435014,0
-0.439886568,-0.234343262,0.052428587,0.118777251,0.185863078,0.634758587,-0.454874838,-0.093955524,-0.301339873,0.424335305,-0.177015524,0.075001008,1
0.137766921,0.112680476,-0.076662554,0.168407388,0.184351468,0.019527096,-0.390281464,0.045544316,-0.321483757,-0.312793596,0.242969507,0.189639973,0
-0.208602745,0.358754963,0.462263513,0.307936257,-0.037935664,-0.585838714,-0.058625763,-0.081594196,0.294779176,0.211367373,0.291935719,-0.634451791,1
0.636177253,0.671258808,0.194712229,0.218164825,0.218164825,0.319169737,-0.163950588,-0.069003303,0.339937067,-0.308838003,-0.03415797,-0.031565916,1
-0.058983159,0.297801864,0.252278587,-0.91842519,-0.077540066,-0.087456346,-0.879900967,-0.187800794,-0.582735067,0.098209924,-0.089430281,-0.028737106,0
-0.55830083,-0.176009115,-0.124410369,0.333019506,-0.717497942,0.058976768,-0.179030472,-0.655052673,0.096987267,0.412756413,-0.632113802,-0.204315855,0
-0.269861575,-0.218432739,-0.132339399,0.166206286,-0.072013207,0.255172111,-0.224104739,0.249336327,0.28794657,-0.083326848,-0.970058025,0.107333914,1
3.3529294,-0.437966961,-4.501911903,-2.366750728,-0.601337779,0.743254438,-0.200616458,0.337172972,-0.087819335,0.115157216,0.421626337,-0.059743225,0
-0.200393018,-0.281102778,-0.063294284,0.494652878,-0.198864098,0.34746822,-0.690806676,-0.099125519,-0.006169213,-0.366869615,0.135259022,0.535748915,1
0.484041512,0.175892203,0.11707336,0.067444821,0.135074199,0.45260476,0.432702691,-0.125510787,0.388456666,0.977523398,0.314536635,-0.458868248,1
0.139745383,-0.01595846,0.660506561,-0.385469665,0.127880202,0.368916521,-0.134738108,0.056765545,0.117471503,-0.024852087,0.281386938,0.086793752,1
0.292704041,-0.00882758,-0.058242268,0.079901491,0.279966674,-0.088539986,0.360551798,-0.103047556,0.510500018,0.41866144,0.027354127,-0.288519149,1
0.119788453,0.269838938,0.639392221,-0.131043505,0.244423061,-0.14735723,0.146165999,0.173623722,0.118831846,-0.790009693,-0.543918428,0.447003866,1
-0.163112225,-0.507784659,0.234867106,-0.261129603,-0.348080747,0.375274818,0.247261191,-0.54070133,0.249395182,-0.436695834,-0.337044874,0.06422719,1
-0.508904252,0.011521101,0.1459367,-0.190393381,-0.150206547,0.170254024,0.353614263,0.343999453,-0.018233332,-0.127842651,0.307803099,-0.049479403,1
0.3124868,-0.955884415,0.446351924,-0.239557732,-0.157089753,-0.03824832,0.269319888,-0.127411219,-0.008626778,0.058767709,-0.229832933,0.59053946,1
0.010520818,0.293028147,0.194774547,-0.332627755,0.086033419,0.359270285,0.432624394,0.291471263,-0.086534093,-0.365610739,0.476722879,-0.227438218,0
-0.60161821,0.626957655,0.384240349,-0.210279738,0.025643578,0.031528365,-0.253776615,-0.275871797,0.136594065,-0.273107969,-0.173006668,-0.014637799,0
-2.588903104,-0.948866453,3.4691367,1.91885497,1.180422451,-0.888482471,-3.75777942,-1.984351422,3.269351948,2.369869556,-0.079249016,-1.833874565,0
-0.441599513,0.220930784,-0.009951967,-0.400325043,0.167088058,-0.4796702,-0.202512362,0.175913508,-0.00286929,-0.065356903,0.137766921,0.112680476,1
-0.363794995,-0.397927133,-0.080346771,0.358597038,0.452764017,0.531360559,-0.970224739,0.570882402,-0.217870812,0.327537122,0.20981688,0.381236037,1
-0.263957347,-0.090734165,0.01450251,-0.192471712,0.397930063,-0.379449855,-0.249749383,-0.108100638,0.195969774,0.088476337,-0.251538761,-0.067236295,1
0.120116821,0.017181916,0.496414292,-0.07385505,0.544384482,0.228188697,-0.185548292,-0.223991022,0.397118598,-0.196623047,-0.246651594,0.07210269,1
0.391286541,0.802221885,0.035828039,-0.044051348,0.255573716,0.803253061,0.250426358,0.192459195,-0.103584982,0.050758785,0.126285501,0.354542109,1
-0.651435834,-0.297393335,0.177744165,-0.090320576,-0.023503728,0.027539216,-0.546142701,0.023635821,0.347484732,-0.670088348,-0.277844667,0.527717887,0
0.373296888,-0.132975095,-0.630122023,-0.154542705,0.136118158,-0.406952586,0.544555457,0.173986445,-0.395642407,0.078502532,0.54221294,-0.236345959,0
0.258069098,0.489682886,0.214220683,-0.40293574,0.304208098,-0.272739387,-0.012076104,-0.001482848,0.29046379,-0.440910287,0.275230508,0.242942609,0
0.353771123,-0.017273263,-0.304522084,-0.268770745,0.489825099,0.205924937,-0.595335813,-0.388533898,0.077615699,-0.237602705,0.318395556,0.088682199,1
-1.088805981,0.060098757,1.048590118,-0.455820793,0.663885047,0.410959845,-0.039799345,-0.522999831,0.143545448,1.037866101,-0.102408131,0.410581143,1
0.22864756,-0.443255467,-0.296126735,-0.059674782,0.237199769,0.236525456,0.128120952,-0.197767141,-0.557708543,0.019242404,0.395736683,-0.044738976,1
-1.446044807,-1.903161228,-0.855239829,2.225790677,1.446133224,0.539506902,-0.337669918,-1.687497644,-2.317872135,-0.060219931,3.542143533,0.516717434,0
0.264897177,0.220248216,0.432957822,-0.052882656,-0.420637239,0.384055526,0.534169395,0.072802835,-0.101865113,0.261746391,0.109539278,-0.172111313,0
0.202519286,-0.198016946,-0.233919553,0.153619387,-0.314711871,0.145777177,0.015495869,-0.122014323,0.153777846,0.165419322,-0.164583888,0.24093645,0
0.296068146,1.112614908,-0.559890204,0.408409868,-0.209383584,0.122506475,0.133652071,0.296323277,-0.483115531,0.269959313,-0.081728952,-0.054583351,0
-0.187377617,-0.405835656,-0.63723506,0.212410799,-0.169736838,-0.190298573,0.172006917,-0.324324818,-0.136551987,-0.190355032,0.065278073,-0.242021688,1
-1.037956382,-2.582933895,-1.807779581,2.353126262,2.179060456,1.434589219,-1.404982325,-3.097209742,-1.717904818,2.428938469,3.164539781,1.265016165,0
0.229870217,0.776371113,-0.109798936,0.219835959,-0.462238479,-0.263283567,0.270307655,0.535297776,0.054574296,0.250025553,0.342635648,0.234194924,0
-0.551971029,0.023415578,0.274427831,0.082411786,0.349379571,-0.518439966,-0.227954072,0.025931998,0.254345999,-0.058778628,0.172372303,-0.073200445,1
0.093724096,0.293524827,-0.402972226,-0.183522425,-0.032093754,-0.589347163,0.036283173,0.376590153,-0.441341186,0.040899763,-0.412549486,-0.668197504,0
-0.110816263,0.375973897,0.42660059,-0.238145191,-0.277636674,-0.255107663,0.10698717,0.681473894,0.43097856,-0.477268827,-0.146482915,-0.321496008,1
-0.129228028,-0.378256226,0.148922637,-0.284893256,-0.10350562,0.030953122,0.035642949,-0.533742224,0.298034091,0.558053156,-0.408119583,0.46915098,1
1.153346891,-1.036326261,-2.629080085,-1.793955378,1.823938843,2.576853099,0.498582372,-1.058608398,-2.117844502,-1.832444181,0.400278704,3.7161891,0
0.288625942,0.046109438,-0.807189745,-0.496875552,0.703757096,-0.561607677,0.127447704,-0.010469419,-0.857791404,-0.513834029,1.121139686,-0.20770526,1
0.02213513,0.378853574,-0.718442565,0.092977612,0.205860488,0.029530728,-0.024105336,0.347650114,-0.287455749,-0.043528569,0.14268285,0.173527049,1
-0.301664246,0.22078724,0.22077419,-0.312896128,0.031445807,0.133403864,-0.063572318,0.318334037,-0.192050933,0.125407989,-0.067152672,0.237315084,1
-0.016611467,0.352062173,-0.340331215,0.18477491,0.290932772,-0.188789892,-0.167773556,0.432788977,-0.557841168,0.009607354,0.269209634,-0.092908103,1
-0.310814601,0.066191804,-0.240892242,-0.166506158,0.274883232,-0.22164318,-0.159063954,0.190345178,-0.415643013,-0.272345772,-0.246000717,0.15350061,0
0.219913456,0.461147914,0.1819967,-0.203563245,0.54342814,0.440253551,0.422291861,0.508071747,0.009148757,-0.136029741,0.279454814,-0.416626519,0
0.98011998,-0.204477508,-0.885200658,-0.387790343,0.26475523,0.799719578,0.424860747,0.074565847,-0.157252472,-0.616826991,0.186167743,1.107461957,1
-0.616510873,0.186877476,-0.132085333,-0.081506045,0.17314382,0.530758684,-0.666145538,0.134581514,0.636163937,-0.357150941,0.324916039,0.053086122,1
-2.079280332,-3.322691869,-1.565778665,3.006018846,2.685765202,0.924166433,-1.650727645,-2.970513316,-1.736821784,3.012947858,2.946627424,1.188297152,0
0.115056016,-0.101385744,-0.10718025,0.085138863,-0.157299876,-0.172846878,0.270375033,-0.374908633,0.333759598,0.236319594,-0.335658432,-0.549853283,0
0.094716922,0.178178793,0.326306476,0.133880304,-0.691393104,-0.146072788,-0.398771089,-0.018611235,-1.167315437,-0.715851043,-0.703602633,-0.115294369,1
-0.101327154,-0.092503569,0.095189899,0.181017989,-0.259839301,0.179964442,0.240625659,-0.438617838,-0.133358591,0.910107073,-0.272469609,0.1453801,1
-0.074612186,-0.120885143,0.306551946,-0.120208434,-0.416813206,0.006570285,0.066160112,-0.252618939,-0.153285161,0.190662094,0.168272899,-0.072372468,1
1.425623421,-0.236862613,-0.971790411,-0.226163896,0.076346437,0.665188664,0.197457948,-0.004095143,-0.328247121,-0.652386849,-0.339868624,0.355145315,1
0.337125834,-0.482263586,-0.889666513,-1.205333926,0.363676751,1.612295833,-0.622488072,-0.326755218,-0.41433913,0.153449211,1.13872587,0.253634136,0
0.106816462,0.24955364,-0.156050587,-0.19708191,0.121502464,0.348918045,0.292150369,0.584895955,-0.384361523,-0.359489729,0.127040773,0.216192488,1
-0.179100779,0.364222433,0.311690515,-0.014197844,-0.708958782,0.167267822,-0.080771812,0.248920074,-0.038614504,0.14885153,-0.47372123,0.367209701,0
0.377865541,-1.102120721,0.274950077,0.133687491,-0.624696099,-0.155562962,0.144638409,-0.928101786,0.060930463,-0.505870911,-0.089449988,-0.068492775,0
0.22102506,-0.16309305,-0.117938355,-0.306081365,0.038724226,0.780586364,0.301711917,-0.473082338,-0.191610978,0.310703015,0.311048427,-0.106852681,1
-0.613344907,-0.123993585,-0.772298074,0.302278105,-0.682885104,-0.812309406,-0.918439039,-0.436483847,-0.26113919,-0.100392651,-0.197969542,-0.026070749,1
0.14268285,0.173527049,0.479160737,-0.13668115,0.08139579,0.357448683,0.055507201,-0.119055551,-0.266478029,0.699636919,-0.02275751,-0.057175139,0
0.547681209,-0.506479976,0.315308686,0.206698319,-1.038584356,0.096262088,0.545831643,-0.19799644,-0.029552566,0.093237802,0.129245338,0.268623738,0
-0.976752946,-0.16132338,-0.529722981,0.144577956,-0.287114864,-0.0408465,-0.145596615,0.021689317,0.002481534,0.16582572,0.362422669,0.023460319,1
0.016815465,0.208824586,-0.366547372,0.123526732,-0.113338277,0.286526839,-0.362361948,0.299695904,-0.207257316,0.198326938,-0.889531224,0.552310582,1
0.161050938,0.233193576,-0.283080175,-0.241428869,0.364056252,0.04060069,-0.00234731,0.21516797,-0.001084173,0.195522363,0.211216105,-0.097874898,1
-0.180804137,0.003551858,0.420288898,-0.438613843,0.187212501,0.088337852,-0.43295649,-0.244069127,-0.096695651,0.519803505,0.352774835,-0.182206558,1
0.836751632,-0.367645394,-0.462565249,0.357748555,0.149421447,-0.005983857,0.713674442,-0.546569605,-0.538822203,0.038218492,0.6763798,-0.42961875,1
-0.124830616,-0.21989588,0.011705126,-0.144602989,0.161639497,0.051853078,-0.310919264,-0.130027509,0.198930677,-0.461338064,-0.074232686,0.161204337,1
0.156574165,-0.171793864,0.327860963,0.372249733,-0.075502215,0.292391119,0.114646688,-0.108552577,0.321327163,-0.060187174,0.008010522,0.116333002,1
-0.628791774,-0.426537739,-0.589690977,0.455465261,-0.317815519,0.177003007,-0.38847371,-0.625263619,0.238512175,-0.147839529,0.256429123,-0.267307604,1
-0.007371364,0.089541601,0.310337896,-0.124893467,0.18712009,0.090395144,-0.324747195,0.117057115,0.299815213,-0.134530648,0.256676265,-0.062642875,1
-0.478469114,-0.01065078,0.286669584,-0.319211016,0.130417129,0.143304698,-0.340664642,0.131354562,0.159551579,0.039409191,0.750642313,-0.532564574,1
-0.057244115,0.171157635,0.022339128,-0.200537095,-0.030660441,-0.239474907,-0.216251876,0.48807487,0.170280123,-0.475136967,0.369883781,-0.495264339,1
0.030653517,0.118896028,-0.021831796,0.028476383,-0.09018289,0.213449965,0.548601065,0.229100031,-0.209099158,-0.565710809,-0.265221283,-0.144061569,1
0.335134322,-0.294118446,-0.822949534,0.346327588,-0.22593007,-0.055103999,0.01110405,0.327640719,-0.775874699,0.534187238,-0.741044014,-0.907968821,0
-0.41969235,-0.106305668,0.110389359,0.003156112,0.095103879,-0.060445501,-0.06242423,0.09862591,0.178025927,-0.185280378,0.234925163,0.280156557,1
-0.124410369,0.333019506,-0.717497942,0.058976768,-0.179030472,-0.655052673,0.096987267,0.412756413,-0.632113802,-0.204315855,-0.09162872,-0.60219292,1
0.281386938,0.086793752,-0.947200646,0.413715417,-0.348710585,-0.438854327,0.436292099,0.208308998,-0.352812385,0.173483373,-0.088658497,-0.551571288,0
-0.543918428,0.447003866,0.308920827,0.262381288,0.494849419,0.218637802,-0.301343868,0.294648681,-0.221204823,0.191900464,0.133921849,-0.134122651,0
0.117019831,0.463724523,0.131451767,-0.100620085,-0.048001614,-0.061980014,0.059369584,0.055493353,0.166284316,-0.497941349,-0.60161821,0.626957655,1
-0.408119583,0.46915098,0.14045485,-0.005652293,-0.497751199,0.487257812,0.030107569,0.181704552,0.592132297,0.035086615,-0.592208729,0.333099134,0
-0.102141815,0.439322777,-0.156928631,-0.196367917,0.122741899,0.011460914,0.174589118,0.184583429,-0.205380853,-0.499214873,0.506865336,-0.189392299,1
0.15556749,0.756652269,-0.376238349,0.073884078,0.177548689,0.145940961,-0.608541896,-0.091964811,0.159297247,0.035377432,0.031774708,0.120895263,1
-0.049036519,0.295747767,0.315557425,-0.114032031,0.245681671,0.356836156,0.157483901,0.310773056,0.326689971,-0.418115759,-0.265914238,0.099405683,1
0.127477798,-0.146660281,0.161050938,0.233193576,-0.283080175,-0.241428869,0.364056252,0.04060069,-0.00234731,0.21516797,-0.001084173,0.195522363,0
0.359345386,-0.183302182,-0.054411311,-0.064617343,0.28453,-0.046064964,0.225159884,-0.437113152,-0.195361508,0.233342446,0.33306185,-0.082700473,1
0.005350291,-0.498202339,0.224164927,-0.21945273,0.155120079,0.064042633,0.110852749,-0.687064402,0.264757627,0.363324149,-0.464960496,-0.340245195,0
-0.441429337,-0.164446735,-0.672481997,-0.478664324,0.087005206,-0.041937597,-0.537101535,0.09148198,-0.272606762,-0.428371059,0.269929752,-0.070308252,1
-0.124845796,-0.05429493,-0.171672957,0.358679862,0.208392622,0.77823213,0.449679544,-0.488128666,0.176934564,0.737354471,0.036791837,0.539763364,1
0.250462577,0.381275719,0.229918686,-0.857230542,0.017366473,-0.181929589,-0.220582176,0.27784014,0.364949742,-0.246802329,0.023673904,-0.05912191,1
0.451469454,0.016001603,0.279633512,0.304853914,-0.026632144,-0.229197502,0.34754412,-0.170064674,-0.768450871,-0.002857039,-0.063946759,-1.021419217,1
0.038751923,0.484828743,0.097448526,-0.239651741,-0.031186415,-0.124357106,0.418773559,0.346209077,-0.126564867,0.367391328,-0.215149328,0.384083223,1
0.209888786,0.382489321,-0.025038508,-0.280677205,0.006314089,-0.486312123,0.092323539,0.17263276,0.068066403,-0.28504692,-0.162301559,0.170111013,0
0.010108827,0.010531471,-0.06437393,0.612343026,0.168989289,-0.906020719,0.078691617,-0.018523883,-0.374117142,-0.81653824,0.243167913,-0.342152817,1
0.211132215,0.216460136,-0.194669086,-0.409755031,0.135160752,0.220395489,-0.341034023,-0.034412036,-0.209465343,-0.515280126,-0.22272895,0.084613688,1
-0.68442734,-0.42885176,0.390024735,0.238648795,0.264589848,0.210109295,-0.091150949,-0.062431953,0.150228651,0.066988089,0.209888786,0.382489321,1
-0.543377274,-0.216054536,0.000847418,0.399472832,0.44957568,-0.161796357,-0.047701742,0.040478184,0.13673681,0.227763923,0.159148909,-0.166930133,1
-0.10718025,0.085138863,-0.157299876,-0.172846878,0.270375033,-0.374908633,0.333759598,0.236319594,-0.335658432,-0.549853283,0.229870217,0.776371113,1
-0.31773376,-0.444566807,-0.175381142,0.20077172,-0.157180034,-0.086105058,-0.23733852,-0.304334598,-0.030919034,0.412207536,-0.291827594,-0.7147445,1
-0.551164091,0.120081135,0.011402857,0.213391375,0.178450701,0.148511445,-0.32710862,0.182108021,0.298551543,0.020593426,0.184166111,-0.027627899,1
0.050713778,-0.111246897,0.031029555,0.088169274,-0.137721647,-0.058250257,0.281581615,0.414819031,0.341725379,-0.044151482,0.113206983,0.120284067,1
-0.585252553,-0.156223426,0.406279605,0.668498175,-0.125637288,-0.357532306,-0.352110642,0.353252872,0.240757752,0.62514857,-0.254414176,-0.262323232,1
0.272537786,0.492842993,0.139745383,-0.01595846,0.660506561,-0.385469665,0.127880202,0.368916521,-0.134738108,0.056765545,0.117471503,-0.024852087,0
0.371315762,-0.065574749,0.273931152,1.058761263,0.106055597,0.343900383,0.430034736,0.316174213,0.501741147,0.201621002,-0.210070946,-0.262737619,1
0.031774708,0.120895263,-0.118132233,-0.036469594,0.461889871,0.131018737,0.151486994,0.340912849,0.155784271,-0.193306613,0.028103806,-0.17402799,0
-0.07597173,0.028791435,-0.030542996,0.34635635,-0.364905001,0.255525247,0.111944379,-0.011507785,0.687282781,0.083225116,0.183627354,-0.063576846,0
0.098769987,-0.016665796,0.06116056,-0.091272922,0.009537579,0.001575792,0.117432088,0.338367932,0.380434692,0.244244629,-0.257187858,0.269261299,1
-0.067152672,0.237315084,-0.522092492,-0.366785725,-0.23119727,-0.441348111,-0.456445038,-0.516123016,-0.013605824,-0.104236924,-0.140220225,0.304793194,0
0.261687269,-0.399307183,-0.431845153,0.175242658,0.240375855,-0.363907115,0.122701685,-0.236078045,0.190666355,-0.061450312,0.44489118,-0.418532011,1
-4.023077403,-0.859649225,4.479143473,1.997823821,0.670660662,-2.319887349,-3.21704054,-1.300634081,3.208950655,3.186441884,0.467665468,-2.281074439,0
-0.102428904,-0.034367029,-0.169053471,-0.386404967,0.035441614,0.19910751,-0.429404632,0.14867443,-0.142428785,0.276932002,0.279267328,0.060877466,1
-0.410170217,-0.153122974,0.229210286,-0.650637685,-0.104102168,0.227151396,-0.433140781,-0.299492971,0.113224294,-0.208211793,0.176526834,0.747135729,1
0.466883831,0.100174538,-0.113293536,0.171924093,-0.18910814,0.223734826,-0.241215283,0.446447531,0.091145357,0.009879262,-0.082550004,0.31637901,1
0.019950272,0.60568033,-0.257691196,0.023150859,0.11832478,-0.256843511,0.033779535,-0.551614698,0.183749327,0.285034669,-0.110265522,0.007194263,1
0.164118634,0.034924695,-0.197103215,0.042991676,0.370148233,-0.73331632,0.228717334,-0.053297843,-0.02274526,0.151073139,0.389542171,-0.316471422,0
-0.208020312,-0.3871392,-0.143183258,-0.203252721,0.257621154,0.373114994,-0.770628538,-0.090621247,-0.3082577,0.436239635,0.397636316,0.183691803,1
0.218941669,0.145714859,0.221392842,-0.229883266,0.079603749,-0.527582865,0.405318471,0.137178895,0.264644176,-1.091963691,-0.21645188,0.4142856,0
-0.09162872,-0.60219292,-0.061407435,0.153788232,-0.52689497,-0.225027258,0.590114153,-0.194647781,-0.282670581,0.193173189,0.014888668,0.211571637,0
-0.233919553,0.153619387,-0.314711871,0.145777177,0.015495869,-0.122014323,0.153777846,0.165419322,-0.164583888,0.24093645,-0.035270639,0.039102129,1
0.240409677,-0.238044257,-0.028132568,0.052257878,-0.306815865,0.329748079,0.397315405,-0.241940462,-0.111746506,-0.326299818,-0.152021757,-0.52239476,1
0.177319657,-0.28710794,-0.441599513,0.220930784,-0.009951967,-0.400325043,0.167088058,-0.4796702,-0.202512362,0.175913508,-0.00286929,-0.065356903,0
0.1819967,-0.203563245,0.54342814,0.440253551,0.422291861,0.508071747,0.009148757,-0.136029741,0.279454814,-0.416626519,-0.058983159,0.297801864,1
-0.559890204,0.408409868,-0.209383584,0.122506475,0.133652071,0.296323277,-0.483115531,0.269959313,-0.081728952,-0.054583351,0.236994439,0.181929589,1
-0.703602633,-0.115294369,0.073612436,-0.731753044,-0.617911696,-0.297193331,-0.56560375,0.261003635,-0.097549727,-0.175955586,-0.225774009,-0.157084959,0
0.014210894,0.175054372,-0.086618782,0.359415427,0.051801945,0.51350939,0.023395071,0.306360464,0.009328521,-0.04868365,-0.158866614,0.727799582,1
-0.103115467,-0.473787277,-0.213000689,-0.26422606,0.398329271,-0.535509497,-0.693164106,-0.576980508,-0.205383516,-0.195134873,-0.53303116,-0.139201033,1
-0.216860142,-0.05644783,0.033570477,-0.074323233,-0.019532422,-0.189028511,-0.121725637,0.077125678,0.190230129,0.009728261,-0.383191064,-0.31524477,1
0.361977921,-0.391307314,-0.415481093,-0.103260077,-0.3766554,0.325258788,0.710759612,0.277832417,0.21381535,0.229124265,0.210833142,-0.154664678,0
0.279267328,0.060877466,-0.976752946,-0.16132338,-0.529722981,0.144577956,-0.287114864,-0.0408465,-0.145596615,0.021689317,0.002481534,0.16582572,0
-0.402972226,-0.183522425,-0.032093754,-0.589347163,0.036283173,0.376590153,-0.441341186,0.040899763,-0.412549486,-0.668197504,-0.984982912,0.177769465,1
-0.253564627,0.416706946,-0.510573521,-0.016224244,0.387897136,0.215950673,-0.103266202,0.206905512,0.070866983,0.260566078,-0.301229618,0.335666422,1
-0.253158229,-0.222569161,0.256442706,-0.108394385,0.337001997,-0.408139557,-0.037569746,0.100848318,0.136644931,-0.803345739,-0.054124754,0.024102407,1
-0.104712298,0.005362807,0.046319828,-0.260602297,0.14794499,0.077128075,0.149051001,-0.011804195,-0.0349207,0.119665415,0.170405558,-0.633868292,1
-0.2964322,-0.271609674,-0.901027558,0.868975083,0.853442995,-0.339682735,-0.349730842,0.263508605,-0.083564669,0.88044585,-0.359297183,-0.757740437,1
0.32599169,0.241973751,-0.116836073,0.341902746,-0.081883149,-0.115777466,0.056915215,0.308913104,-0.088401768,0.409995514,0.361977921,-0.391307314,1
0.206353173,-0.144272491,-0.306036091,0.040706684,-0.141786696,-0.273007568,0.2375055,0.560490481,0.097824032,0.027391411,0.115909026,0.340757054,1
0.203309446,0.566339315,-0.066001654,0.40162147,-0.959022951,-0.513315245,0.096196308,-0.10336394,0.032132903,0.278311519,-0.834698335,-0.342952298,1
-0.053656571,0.174728668,-0.309625766,-0.449591926,0.375166427,-0.344535547,-0.118849156,0.60266936,-0.235736095,-0.678779308,-0.478781503,0.596407469,1
-0.215149328,0.384083223,-0.074612186,-0.120885143,0.306551946,-0.120208434,-0.416813206,0.006570285,0.066160112,-0.252618939,-0.153285161,0.190662094,0
0.315308686,0.206698319,-1.038584356,0.096262088,0.545831643,-0.19799644,-0.029552566,0.093237802,0.129245338,0.268623738,0.264897177,0.220248216,1
-0.008671253,-0.060925669,-0.178242176,0.088425204,-0.156097193,-0.507127124,-0.105771171,-0.554725003,-0.115749503,-0.205125189,-0.01631852,-0.004785168,1
-0.363532141,0.158027984,-0.120525883,-0.25298246,0.388954145,-0.299660217,-0.058917379,-0.094223438,-0.075218588,-0.121964256,0.368301064,-0.417556761,1
0.073612436,-0.731753044,-0.617911696,-0.297193331,-0.56560375,0.261003635,-0.097549727,-0.175955586,-0.225774009,-0.157084959,-0.300454638,-0.169793031,1
0.000752343,0.029231655,-0.565014659,0.192642953,-0.59759231,-0.672724611,0.172811724,0.36384746,0.150538643,0.624111535,-0.142593368,0.105262774,1
0.333984369,-0.037411554,-0.07633392,-0.572807601,-0.608100611,-0.098143878,-0.237534528,-0.554969482,0.02254792,0.045666288,-0.674015179,0.004417385,1
-0.414567096,0.581898568,-0.489826963,-0.319735126,-0.016664997,-0.021113541,-0.060019129,0.744364976,-0.463029704,-0.03766056,0.356290474,0.459111395,1
-0.176753735,-0.143963831,-0.392115583,-0.021783859,0.537718856,-0.120909378,-0.016963804,-0.068147363,0.102827313,0.084355361,0.051668787,0.136461173,1
0.509296535,-0.395694073,-0.008067248,-0.070398799,0.121710723,-0.505359584,0.360836756,-0.271265328,-0.078799208,0.642710253,0.038393728,-0.269764903,0
0.070147397,-0.794174877,0.319484256,0.571551122,0.09759793,0.053865895,-0.320896264,-0.474119906,0.478744219,0.448905097,0.218266558,-0.443628575,1
0.065197646,0.06382665,-0.12800537,-0.387096323,0.422772029,-0.316023744,0.123585056,0.093660446,0.413807296,-0.508151909,0.326440166,-0.381281311,0
0.133932502,0.072408687,-0.098651743,0.588813998,-0.371736009,0.008183894,0.354369269,-0.190934802,-0.057053699,0.311858028,-0.095483912,0.24687956,0
-0.405037773,-0.093317431,0.638861453,-0.157328638,0.190239184,-0.050662645,0.311904101,-0.236993906,0.36156593,0.337763927,0.560362915,-0.225939391,1
0.269209634,-0.092908103,-0.644128387,0.17321972,0.323338383,-0.009456619,-0.211191604,0.171952588,-0.472642118,-0.118212394,0.234291597,-0.442885021,0
-2.232406768,0.360296933,3.169316693,0.81681148,-0.110527577,-3.312242956,-3.410467528,0.572472842,4.461514678,1.722499037,0.395414174,-0.4138302,0
0.034030405,-0.116856313,0.050820304,-0.008504805,-0.384583098,0.062290273,0.352288275,-0.496711768,0.22519051,0.219779499,-0.501958728,0.151503506,0
-0.644128387,0.17321972,0.323338383,-0.009456619,-0.211191604,0.171952588,-0.472642118,-0.118212394,0.234291597,-0.442885021,-0.218930484,0.084957502,1
0.000184823,0.135060084,0.467848428,-0.437851114,0.194452571,0.024367125,-0.09532359,-0.02592108,0.464084582,0.234700658,0.1487988,0.337717588,1
-0.0940245,0.131060549,-0.020786771,0.260533587,0.128841869,-0.273620095,0.091599692,-0.091434043,-0.240704489,-0.127232521,0.037630466,-0.062754195,1
-0.550164873,-0.10847428,-0.295863082,-0.208576646,0.203498264,0.43177165,-0.229114944,-0.120970098,0.14048015,-0.672253764,0.12624076,0.384940761,0
-0.120073145,0.181136766,0.368792684,0.311895578,-0.986849256,0.063937171,0.176385953,-0.218204772,0.202952316,0.17668689,-0.352493871,-0.26877394,1
-0.346035706,-0.130012062,0.32599169,0.241973751,-0.116836073,0.341902746,-0.081883149,-0.115777466,0.056915215,0.308913104,-0.088401768,0.409995514,0
0.284836796,-0.181708014,0.223698607,0.039847548,0.37784823,0.06037546,0.105947739,-0.151754908,0.277290197,0.158043697,0.005350291,-0.498202339,1
-0.218930484,0.084957502,-0.043551472,-0.072815618,0.192299139,-0.332179545,0.299488177,0.074765052,-0.399103984,-0.103767409,0.119935726,-0.354467274,0
-0.144870104,0.021599035,-0.293775697,0.207964918,0.073238262,-0.410435468,0.078484955,0.061381868,-0.204308398,-0.127074596,-0.07774939,-0.663201147,0
0.098665857,-0.553228041,0.483807687,0.046246591,-0.211095197,0.355280337,0.324722428,-0.295016197,0.483989581,-0.178062413,-0.616704485,0.105794074,1
-0.522092492,-0.366785725,-0.23119727,-0.441348111,-0.456445038,-0.516123016,-0.013605824,-0.104236924,-0.140220225,0.304793194,-0.94731676,-0.313068967,1
0.105574896,0.256728196,-0.089415634,0.527706702,-0.604693096,-0.129686091,-0.114163591,0.132386537,-0.010666759,-0.247513393,0.618674425,0.071703748,1
-0.12800537,-0.387096323,0.422772029,-0.316023744,0.123585056,0.093660446,0.413807296,-0.508151909,0.326440166,-0.381281311,0.010520818,0.293028147,1
0.288753508,-0.020816865,-0.66489039,0.258998541,-0.219440745,0.276642782,0.006051501,-0.374620479,-0.354389509,-0.227906136,-0.015838352,0.422932352,1
0.577050549,0.39483041,-0.616510873,0.186877476,-0.132085333,-0.081506045,0.17314382,0.530758684,-0.666145538,0.134581514,0.636163937,-0.357150941,0
0.200545884,-0.171254574,-0.348573698,0.428163066,-0.155388259,-0.796065721,0.236261537,0.373743766,-0.345851681,0.250175755,0.034030405,-0.116856313,1
0.26356533,-0.336254181,-0.533928645,-0.550420536,0.218137394,-0.027779167,-0.174613619,0.132527951,-0.414435803,-0.345612529,-0.577680919,-0.260907229,1
0.348885554,-0.512685674,0.29818669,-0.575668369,-0.135512822,0.211621172,-0.095075117,0.398468021,-0.102484031,0.672193843,-0.416950892,0.024835309,0
0.108705176,-0.01323671,0.182378065,0.641956579,-0.061491058,-0.044386107,-0.44360221,0.015495603,0.005021923,-0.017857827,-0.083664005,0.227963394,1
-0.622419629,-0.384336756,-0.06046654,-0.074108316,-0.228254211,0.119280855,-0.807411853,-0.81286148,0.364090606,-0.09381917,-0.480503503,-0.415920515,0
0.479160737,-0.13668115,0.08139579,0.357448683,0.055507201,-0.119055551,-0.266478029,0.699636919,-0.02275751,-0.057175139,0.333502603,0.547715297,1
-0.174458357,-0.458597405,0.712857117,-0.356421235,-0.502213592,0.026451049,0.060656423,-0.032818134,-0.083912211,0.405921144,-0.03689357,-0.26033678,1
-0.415851273,-0.166534387,0.175948928,-0.166271001,-0.010829212,-0.178153759,0.017052753,-0.432159406,-0.837211028,0.15346306,-0.289340468,-0.641528076,0
-0.17483546,-0.533364321,-0.334318862,0.337273107,-0.213349297,-0.188622912,0.082676771,0.235811996,-0.114454142,-0.448798836,-0.097290601,-0.103697634,1
0.075805815,0.102045142,-0.002123605,-0.318720461,-0.350877599,0.143720684,0.369410271,0.035878373,0.099266666,-0.229859831,0.168943216,0.142405082,1
0.176264779,-0.281627687,-0.265608773,0.292102699,-0.28093926,0.119181519,0.406148844,-0.201907025,-0.169169319,0.656838057,-0.079926791,-0.075833778,1
-0.175702586,4.81203062,1.293780435,0.886721323,-3.2664001,-2.916492425,-0.091597561,3.158570572,2.129222059,0.060489709,-2.136422714,-3.214694029,0
0.086665387,-0.107882525,0.113089005,-0.161951087,0.252820274,0.205418403,0.351458701,-0.132111699,-0.24633521,0.382046704,-0.106008991,-0.370448637,1
-0.529031092,0.189352085,0.11561235,-0.806792402,0.553234699,-0.044071055,-0.09290544,0.228652353,0.182053159,-0.206919361,-0.144870104,0.021599035,1
0.18704419,-0.241557499,-0.098838696,0.022387864,0.119129587,0.091002611,0.330846633,0.116358834,0.151202835,0.647228572,-0.384339952,0.146412075,1
0.09996255,-0.068126058,-0.170244171,-0.137809265,0.169263595,-0.06199839,0.01801016,-0.341047605,-0.357947759,-0.048008805,-0.091363203,-0.309573302,1
0.1586999,-0.083177179,0.011950669,0.167582075,-0.2036482,-0.056099222,0.12604049,0.140979492,0.362702567,0.053516222,0.427236819,0.077041256,1
-0.335375604,0.324339731,0.136398056,0.08479212,0.204877515,-0.977488777,-0.450634553,-0.002453304,-0.099763346,0.251342752,0.137760263,0.318288497,1
0.012457469,-0.21771555,0.90841277,-0.015299594,0.387627091,-0.334630186,-0.258386014,-0.177899427,0.372648142,-0.345843958,0.18633206,0.039166045,1
0.025775671,-0.086054991,0.215960526,-0.426296457,0.024768463,0.193711147,0.047118777,-0.312251377,0.39169507,-0.200968527,0.012898754,0.081063694,1
-0.188402136,-0.784087622,0.633690393,-0.511414814,-0.420086231,0.005544968,-0.153799151,-0.84613528,0.447724784,0.07445719,-0.456971012,0.121586886,0
-0.745926388,-0.211134346,0.010108827,0.010531471,-0.06437393,0.612343026,0.168989289,-0.906020719,0.078691617,-0.018523883,-0.374117142,-0.81653824,0
-0.0536342,0.180297071,0.31407218,0.224675721,0.023050991,0.113130018,0.13067945,-0.693623768,-0.088588189,0.111812552,-0.060696104,-0.194956441,1
-0.031346471,0.127865554,-0.344883356,0.376232224,-0.090566386,0.202535531,0.228710677,0.160306585,-0.132149515,0.290443283,0.450323762,0.01074479,0
-0.94731676,-0.313068967,0.735057495,-0.105792743,-0.224467728,0.093139798,0.119274996,-0.423043139,0.41465578,-0.8380169,0.017243169,0.226807049,0
0.264753899,0.156078284,-0.255385164,0.173020782,0.461921296,-0.22057179,-0.253618956,-0.03987844,0.158371532,-0.027342675,0.192249072,-0.467644962,1
-0.115262677,0.156433017,-0.533929444,-0.214183133,0.505925772,-0.41234096,-0.040171122,0.126692432,0.078320638,0.04535603,0.374162415,-0.185004741,0
0.042285938,-0.132615036,0.366417943,-0.127192574,0.718635644,-0.489339605,0.078461786,0.394037586,0.24661644,0.037529266,0.403738151,0.666774843,1
0.071054203,-0.060851367,0.297430086,-0.571079742,0.261516294,-0.062219699,-0.456142503,-0.104601511,0.565847696,-0.348722303,0.387873966,0.299746504,1
-0.920020158,-0.13199878,0.432559679,-0.288116746,0.151231065,0.240167063,-0.356529892,0.08168714,-0.025844114,-0.171126742,0.218941669,0.145714859,1
-0.333683166,-0.615950544,-0.572548742,0.47692235,1.73196764,0.153092614,-0.091581583,-0.812051612,-0.627355798,-0.64760035,0.65431551,0.325904605,0
0.243167913,-0.342152817,-0.183811645,-0.367446189,-0.161054667,0.021940453,0.010513361,-0.18169097,0.198013484,-0.234472692,-0.386777543,0.401846774,0
-0.243517852,0.45417203,-0.129290346,-0.204509999,0.026699788,0.117660055,-0.03879267,0.413563617,-0.233468414,-0.360172564,0.215236679,0.561843367,1
-0.112760371,0.218100376,-0.494063254,-0.208272513,0.374394643,-0.409761955,0.322594828,-0.276195105,-0.624868938,-0.059743225,0.377865541,-1.102120721,1
0.317653865,-0.417046233,-0.557949293,0.133242743,0.112833342,-0.497488878,0.594995461,-0.373550687,-0.620570596,0.883731392,-0.452817813,-0.741666395,1
-0.822949534,0.346327588,-0.22593007,-0.055103999,0.01110405,0.327640719,-0.775874699,0.534187238,-0.741044014,-0.907968821,-0.188402136,-0.784087622,1
0.29818669,-0.575668369,-0.135512822,0.211621172,-0.095075117,0.398468021,-0.102484031,0.672193843,-0.416950892,0.024835309,0.158348096,-0.091315799,1
-0.642674034,-0.424051146,-0.34691881,-0.529389287,-0.385122122,0.342886518,-0.553958013,-0.63747368,-0.681284011,0.563928622,-0.651435834,-0.297393335,1
-0.236389635,-0.306354073,0.112145714,0.028606611,0.223641349,0.136987148,-0.366612354,0.280490251,-0.070067502,0.187852193,-0.115928734,-0.073388198,1
0.160005914,0.249633802,0.064122261,0.306291755,-0.024383637,0.180960731,0.045070007,0.29638879,0.081763573,0.044582116,-0.037108753,0.288976947,1
-2.221765842,1.472121681,2.426629242,0.75615266,-0.117994814,-1.957349898,-2.426760536,-0.728316235,3.163329374,0.794899523,0.311862023,-1.285333687,0
0.194774547,-0.332627755,0.086033419,0.359270285,0.432624394,0.291471263,-0.086534093,-0.365610739,0.476722879,-0.227438218,-0.112636534,0.193035237,1
0.168272899,-0.072372468,0.471524922,0.089090994,0.065976354,0.362947045,-0.03105885,-0.44716552,0.159656507,0.293107243,0.098553738,0.430896801,0
-0.06046654,-0.074108316,-0.228254211,0.119280855,-0.807411853,-0.81286148,0.364090606,-0.09381917,-0.480503503,-0.415920515,0.148081344,-0.043858535,1
0.289073353,0.090568516,-0.009880594,0.224117256,-0.479369263,0.163059761,1.097398937,0.19437534,0.081626154,-0.174065008,-0.108129933,0.009082178,1
0.211216105,-0.097874898,-0.102141815,0.439322777,-0.156928631,-0.196367917,0.122741899,0.011460914,0.174589118,0.184583429,-0.205380853,-0.499214873,0
-0.293775697,0.207964918,0.073238262,-0.410435468,0.078484955,0.061381868,-0.204308398,-0.127074596,-0.07774939,-0.663201147,0.025973544,0.052418201,1
-0.272469609,0.1453801,-0.038144989,-0.473874629,-0.210587066,0.319641116,-0.139538988,0.136879822,0.165575117,-0.258076022,-0.138260405,0.297785885,0
0.071471254,-0.144502055,-0.076773608,-0.588281366,0.397383848,-0.353409999,0.043073967,0.058067298,-0.324628684,-0.42779848,-0.195089067,0.27760445,1
0.633690393,-0.511414814,-0.420086231,0.005544968,-0.153799151,-0.84613528,0.447724784,0.07445719,-0.456971012,0.121586886,0.348885554,-0.512685674,1
-0.208546552,-0.050450125,0.220538234,0.056743973,0.201219131,-0.024466994,-0.18706656,-0.008965265,0.370244639,0.250791211,0.11112306,0.312800787,1
-1.294502152,1.128554992,3.56450077,-2.076870437,-2.822441293,2.640640601,2.964905497,0.883509018,-0.840890451,-1.607090419,-2.874407022,-0.749119251,0
-0.151478206,-0.148275755,-0.007383348,0.123892118,0.24180251,-0.327655899,-0.528088066,0.059857209,0.360153389,-0.937368788,0.2795419,0.190924948,1
-2.327009174,0.51367637,2.837668449,1.287283388,0.003533216,-2.384590978,-1.866252212,0.752739553,2.711190401,0.032971799,-0.282309989,-1.495760698,0
0.251679376,0.356078752,0.03100532,-0.090546678,-0.245856907,0.09746637,0.270103124,-0.157657272,0.393535314,-0.42668155,0.169034563,0.815768054,1
0.307907495,0.113112175,0.393493769,-0.244731987,0.332009103,-0.556397202,0.1074455,0.601794512,0.499636185,-0.319200363,-0.199729891,0.360696408,1
0.427236819,0.077041256,0.344625029,0.323755167,0.022231536,0.0359082,-0.050182743,0.109431952,-0.18787696,0.300869293,0.08007939,0.040351684,0
-0.014362428,0.514159734,-0.020185429,-0.674248472,0.152875833,0.221876739,-0.482434827,-0.227956736,0.456168336,-0.356566111,-0.768123569,-0.653427346,1
0.151886202,0.089712842,-0.741505807,-0.096689792,-0.172911326,0.021543375,-0.084612889,-0.046580019,0.353304005,-0.296072407,0.082154259,-0.486725712,1
-5.903580456,-3.633555472,2.894033721,4.806900839,0.301503658,-1.092809778,-3.048393733,-1.171335745,3.035553835,2.4711035,0.985353092,-1.937876864,0
0.148081344,-0.043858535,-0.253158229,-0.222569161,0.256442706,-0.108394385,0.337001997,-0.408139557,-0.037569746,0.100848318,0.136644931,-0.803345739,0
-0.046168561,-0.5237322,0.541426242,-0.067438696,-0.028248416,0.255065585,0.107900102,0.236192828,0.140859384,-0.357320585,0.078987227,-0.305496269,0
-0.257306901,0.040718668,0.200545884,-0.171254574,-0.348573698,0.428163066,-0.155388259,-0.796065721,0.236261537,0.373743766,-0.345851681,0.250175755,0
-0.22272895,0.084613688,-0.441429337,-0.164446735,-0.672481997,-0.478664324,0.087005206,-0.041937597,-0.537101535,0.09148198,-0.272606762,-0.428371059,0
0.235299603,-0.053799316,0.171539,-0.198560231,-0.032635175,0.306511199,0.194450707,-0.026270486,-0.158795241,-0.061100639,-0.12162923,0.198559698,1
0.067720458,0.184056123,0.284836796,-0.181708014,0.223698607,0.039847548,0.37784823,0.06037546,0.105947739,-0.151754908,0.277290197,0.158043697,0
-0.768217046,0.155193049,0.157961938,0.06907361,-0.367768432,0.407783226,-0.481818305,-0.020787837,-0.090636427,0.086812394,-0.745926388,-0.211134346,1
0.152873436,0.505099926,-0.355746656,0.234933419,0.183634811,0.432129578,-0.058286476,0.346353421,-0.196934904,-0.044474524,-0.197056344,0.634998271,1
-0.685631888,-0.57832141,-0.613694314,-0.253609901,-0.122186363,-0.384247274,-0.497373829,0.127632794,-0.13321691,-0.406884942,0.080353695,-0.357472651,1
-0.656583725,0.206717227,-0.036852024,-0.232356011,0.52383846,0.023539947,-0.750844447,-0.373340297,0.297937419,-0.127291111,0.494793493,-0.023710656,1
-0.037470144,0.001086836,-0.102854211,-0.186402634,-0.025726136,0.109083877,-0.01915452,0.19104266,-0.17931756,-0.406510768,-0.238679421,0.256102087,1
-0.025038508,-0.280677205,0.006314089,-0.486312123,0.092323539,0.17263276,0.068066403,-0.28504692,-0.162301559,0.170111013,-0.133553268,0.164715448,1
-0.337044874,0.06422719,0.3124868,-0.955884415,0.446351924,-0.239557732,-0.157089753,-0.03824832,0.269319888,-0.127411219,-0.008626778,0.058767709,0
-0.060696104,-0.194956441,-0.017535318,-0.475258673,0.042304048,-0.040402551,-1.002757382,-0.46697278,-0.506225644,0.60781006,0.249425542,0.057999121,0
0.129712723,0.317505527,-0.500833276,0.223358255,-0.235642086,-0.060052951,0.179709844,0.170271335,-0.655550951,-0.117069898,-0.428173186,0.00149643,1
-0.098651743,0.588813998,-0.371736009,0.008183894,0.354369269,-0.190934802,-0.057053699,0.311858028,-0.095483912,0.24687956,0.115056016,-0.101385744,1
-0.141304931,-0.087583645,0.185720066,0.014899587,-0.121032416,0.253425078,-0.200517654,0.100240052,0.720358976,-0.463540498,-0.477473358,0.623366116,1
0.327130724,0.056657687,0.286385691,-0.43091571,0.084563088,0.029514216,0.193923667,0.432062201,-0.158621337,0.624917408,-0.255727114,0.565444493,1
-0.317821112,0.34115786,-0.287219793,0.006451774,-0.087782051,0.677285807,-0.754810693,-0.099444033,-0.366031784,-0.490429637,0.182337319,-0.036123117,0
0.102880043,-0.415129822,0.02213513,0.378853574,-0.718442565,0.092977612,0.205860488,0.029530728,-0.024105336,0.347650114,-0.287455749,-0.043528569,0
-0.095909486,-0.091972801,0.125485754,0.013880129,-0.48243749,-0.060814349,0.51170643,-0.427282892,0.193648297,0.055813731,0.39607597,-0.062625032,1
-0.074232686,0.161204337,0.000184823,0.135060084,0.467848428,-0.437851114,0.194452571,0.024367125,-0.09532359,-0.02592108,0.464084582,0.234700658,0
-0.146550825,0.368110115,-0.181522924,-1.311019344,0.084793451,0.456730263,0.632183843,0.018644258,-0.393528923,-0.396003532,0.447864333,-0.01420903,1
0.050820304,-0.008504805,-0.384583098,0.062290273,0.352288275,-0.496711768,0.22519051,0.219779499,-0.501958728,0.151503506,0.102880043,-0.415129822,1
0.433309625,0.531595982,-0.797260682,0.018419487,0.190117744,0.018925488,0.018370219,0.128128941,0.119223064,0.107492106,0.296068146,1.112614908,1
-0.118132233,-0.036469594,0.461889871,0.131018737,0.151486994,0.340912849,0.155784271,-0.193306613,0.028103806,-0.17402799,0.219721709,0.08253296,1
0.142626391,0.262483554,-0.072951173,0.12660508,0.245217482,-0.096502305,-0.601072262,0.265051374,0.225039775,-0.23085532,-0.062450861,-0.060330452,0
0.432957822,-0.052882656,-0.420637239,0.384055526,0.534169395,0.072802835,-0.101865113,0.261746391,0.109539278,-0.172111313,0.258069098,0.489682886,1
-2.910485398,-1.095312084,3.754339681,2.213104443,1.097874311,-1.750791662,-3.490124274,-0.696679745,3.35524635,1.82988435,1.296200184,-1.983126634,0
1.388990575,-0.301819242,0.504439196,0.821072538,2.016644913,0.164295468,-2.300412184,-0.631536695,0.881526561,1.331694795,0.227704534,-0.447531438,0
0.017898307,3.444217768,0.60465235,0.234215697,-2.697540369,-2.383135294,0.131618481,2.433318037,0.6223653,-0.734628193,-2.988153562,-1.89837819,0
-0.229837726,-0.012008726,0.508950857,0.027715251,0.219057783,-0.192797683,-0.049430667,-0.168066237,0.260532522,-0.199802329,0.151800448,-0.078256722,1
0.384031025,-0.151975684,0.090631367,-0.004538825,0.510419324,0.228108536,-0.046426887,0.223511387,0.099340436,-0.375060966,0.093724096,0.293524827,1
0.410861041,-0.246506185,-0.529031092,0.189352085,0.11561235,-0.806792402,0.553234699,-0.044071055,-0.09290544,0.228652353,0.182053159,-0.206919361,0
-0.008067248,-0.070398799,0.121710723,-0.505359584,0.360836756,-0.271265328,-0.078799208,0.642710253,0.038393728,-0.269764903,0.697537283,-0.121781563,1
-0.433583398,0.409293771,-0.501212776,-0.063032762,0.391417835,-0.203960056,0.181422523,-0.116887206,-0.269221351,-0.264916884,0.533396545,-0.327734995,1
-3.028116158,-0.873214036,2.555554202,1.562722421,0.499861488,-2.417380883,-2.888078893,0.228832649,3.260340077,1.322082914,-0.069834475,-2.382426094,0
0.333502603,0.547715297,-0.400192951,0.165694426,0.367810243,-0.419284354,0.249631138,-0.358044964,0.054198524,0.062312111,-0.020875987,-0.367195852,0
-2.064272087,0.08293563,3.787200426,0.495528525,0.194842458,-2.365270543,-0.609147499,5.009444893,1.286267658,0.156151255,-2.023408277,-3.102127536,0
0.453089988,0.127055155,-0.439999752,-0.480430266,-0.185840707,-0.034709511,-0.08251565,0.011141601,0.2763509,-0.629794188,-0.362656228,0.341399142,1
0.697537283,-0.121781563,0.250462577,0.381275719,0.229918686,-0.857230542,0.017366473,-0.181929589,-0.220582176,0.27784014,0.364949742,-0.246802329,0
0.271421389,0.321258188,-0.099025118,-0.369976192,-0.317283952,0.042506714,-0.225135649,-0.232594631,-0.470983501,-0.241072804,-0.314806414,-0.213777001,1
0.130406743,-0.517821314,-0.245298974,0.529411657,0.111301758,0.244969808,0.061024472,-0.006755907,0.107386911,0.334041094,-0.55830083,-0.176009115,1
0.369883781,-0.495264339,0.235082822,0.229110417,0.153656139,-0.639110725,0.282940093,-0.254141202,-0.404953351,0.163973225,-0.367476816,-0.09306523,0
-0.984982912,0.177769465,-0.66408798,0.167084863,-0.270079688,0.40636456,0.312204771,0.159410165,-0.496303505,0.635359396,0.113700467,0.082185151,0
0.115544972,0.193313005,-0.358925139,0.024075509,0.071301611,-0.185538971,0.273330609,-0.288101566,-0.010400443,-0.066959859,0.196577774,-0.413659225,1
-0.143028528,-0.085364966,-0.120267556,0.568031754,-0.091273455,0.413252027,-0.669906454,0.135235853,0.350552693,-0.04565537,0.000889496,-0.23127104,1
-0.183811645,-0.367446189,-0.161054667,0.021940453,0.010513361,-0.18169097,0.198013484,-0.234472692,-0.386777543,0.401846774,-0.227390281,0.249166949,1
0.162544972,-0.681742075,-0.269864505,-0.158029849,-0.182937862,-0.329278297,-0.390542986,-0.175043986,0.019282884,0.265625818,-0.122223648,0.205860754,1
0.169034563,0.815768054,-0.439886568,-0.234343262,0.052428587,0.118777251,0.185863078,0.634758587,-0.454874838,-0.093955524,-0.301339873,0.424335305,0
0.274950077,0.133687491,-0.624696099,-0.155562962,0.144638409,-0.928101786,0.060930463,-0.505870911,-0.089449988,-0.068492775,-0.046168561,-0.5237322,1
0.221392842,-0.229883266,0.079603749,-0.527582865,0.405318471,0.137178895,0.264644176,-1.091963691,-0.21645188,0.4142856,-0.622419629,-0.384336756,1
-0.163246448,0.359024209,-0.028138161,-0.236079643,0.239241348,0.145233093,0.097968109,-0.359347783,-0.462728234,0.127687123,-0.216758942,-0.383650193,1
0.216318988,0.277248385,-0.129228028,-0.378256226,0.148922637,-0.284893256,-0.10350562,0.030953122,0.035642949,-0.533742224,0.298034091,0.558053156,0
-0.239056525,-0.136090195,-0.008671253,-0.060925669,-0.178242176,0.088425204,-0.156097193,-0.507127124,-0.105771171,-0.554725003,-0.115749503,-0.205125189,0
-0.947200646,0.413715417,-0.348710585,-0.438854327,0.436292099,0.208308998,-0.352812385,0.173483373,-0.088658497,-0.551571288,0.335134322,-0.294118446,1
0.298231698,0.159318819,0.118614798,-0.038077345,-0.316628548,0.374450836,0.427884766,-0.121711256,0.192846152,-0.426366232,-0.282231426,-0.453324346,1
-0.306379107,-1.727177412,-2.782528231,-0.841982081,2.746700192,3.103974704,-2.207324851,0.468516082,-1.916029089,-2.771271848,0.011527493,3.90717823,0
-0.636032909,3.448434351,0.93688356,0.750813555,-3.368660692,-2.708737896,-1.529839306,4.747483052,2.72542047,-0.144431748,-2.563198806,-3.849178576,0
0.324916039,0.053086122,0.371060099,0.069488797,0.491526593,-0.616359606,0.939373882,0.837676016,-0.044864677,0.356101389,0.111270332,-0.084191577,0
0.735057495,-0.105792743,-0.224467728,0.093139798,0.119274996,-0.423043139,0.41465578,-0.8380169,0.017243169,0.226807049,-0.402434267,-0.921522713,1
-2.706035054,-3.448163508,-0.736139004,2.578160445,3.776247377,0.901738888,-1.022635216,-2.66921845,-3.132649226,0.07330271,3.280842156,2.303178143,0
-2.076720235,0.349869859,2.978996283,1.094697959,-0.07065393,-2.423883523,-2.084199456,-0.328517166,4.465585853,0.733271579,0.040267528,-2.884865789,0
0.510884312,0.709764921,-0.440450892,0.730909887,-0.406373349,-0.965423326,-0.28459578,0.860049498,-0.682571383,-0.044889711,-2.126138118,-0.607213778,1
0.229645712,-0.088094706,-0.642537947,0.222528947,-0.58206608,-0.22323788,0.225918352,1.004119323,0.137586891,-0.60250744,0.069323947,0.35095563,1
0.362422669,0.023460319,-0.920020158,-0.13199878,0.432559679,-0.288116746,0.151231065,0.240167063,-0.356529892,0.08168714,-0.025844114,-0.171126742,0
3.541096645,2.389800387,0.579267364,0.579267364,-1.955292872,-3.167244488,-1.947660253,2.496793417,3.683531821,-1.448413688,0.719274004,-2.764044562,0
-0.59762267,0.345313989,0.041157823,-0.01695102,0.387328551,0.113887953,-0.336302651,0.08582223,-0.117141537,-0.334870403,0.005606487,0.232555482,0
-0.313134747,0.069184131,0.524415301,-0.695710621,0.107217534,-0.028277977,0.047087884,-0.662454131,0.601157483,0.078199198,-0.070130885,-0.164575899,1
-1.144346738,-0.925983242,-0.925043146,-0.030603716,0.744021961,0.659206406,0.70367587,-0.771312971,-0.347226938,-0.390071074,-1.14705757,-0.617886929,0
-0.341596216,-0.315506559,0.553563865,-0.04055222,0.088854239,-0.337177499,-0.189807219,0.271927656,0.181184969,-0.140030075,0.970897986,-0.018641062,1
-0.795512583,-0.170212745,0.725006458,0.296651112,0.047666589,0.054139402,-0.571822231,-0.794336265,0.028197283,0.289029145,-0.39674469,-0.040588706,1
-0.400192951,0.165694426,0.367810243,-0.419284354,0.249631138,-0.358044964,0.054198524,0.062312111,-0.020875987,-0.367195852,0.164118634,0.034924695,1
-0.038144989,-0.473874629,-0.210587066,0.319641116,-0.139538988,0.136879822,0.165575117,-0.258076022,-0.138260405,0.297785885,-0.317821112,0.34115786,1
-0.384583098,0.304219549,0.266368307,-0.088679802,-0.122123247,0.204740895,0.600273048,0.188982172,-0.253372613,0.19868966,0.203688414,-0.072865952,1
0.410865569,1.113589891,-0.083950294,-0.521912462,-0.712853655,-0.783192001,-0.458640016,0.234026879,1.493562525,0.578488923,-1.157902495,-0.242809984,0
-0.661557711,-0.771121489,-1.189806099,0.065865566,-0.569715671,-1.59451151,-1.023071176,-1.124959192,0.080939324,0.279418329,0.188699078,-0.114760139,1
0.025973544,0.052418201,-0.642674034,-0.424051146,-0.34691881,-0.529389287,-0.385122122,0.342886518,-0.553958013,-0.63747368,-0.681284011,0.563928622,0
-0.265914238,0.099405683,0.333984369,-0.037411554,-0.07633392,-0.572807601,-0.608100611,-0.098143878,-0.237534528,-0.554969482,0.02254792,0.045666288,0
-0.094986434,-0.034654384,-0.317344672,-0.48376987,-0.052562278,0.031528898,0.0953417,0.383687477,-0.316708177,0.226050445,0.010423346,0.04506468,1
0.323852106,-0.031627701,1.028576196,-0.073147448,-0.255906878,0.368878704,0.452893713,0.388433763,0.065295916,-0.946783861,-0.226001975,0.55389676,1
-0.133553268,0.164715448,0.130406743,-0.517821314,-0.245298974,0.529411657,0.111301758,0.244969808,0.061024472,-0.006755907,0.107386911,0.334041094,0
-0.030542996,0.34635635,-0.364905001,0.255525247,0.111944379,-0.011507785,0.687282781,0.083225116,0.183627354,-0.063576846,0.098707935,0.141562192,1
-0.008813465,0.028928854,-0.548159779,0.06409563,0.547317155,-0.48441036,0.4121082,-0.066277291,-0.785756891,-0.12072775,0.640413543,-0.57279322,0
-0.197103215,0.042991676,0.370148233,-0.73331632,0.228717334,-0.053297843,-0.02274526,0.151073139,0.389542171,-0.316471422,0.142626391,0.262483554,1
0.068177989,0.08213029,0.428014462,-0.068914353,-0.49601322,0.010879279,0.434758385,-0.445200373,-0.306074175,-0.114928983,-0.285511642,-0.051636563,1
0.824255548,3.190039016,0.318438166,0.466921914,-0.601232851,-1.472070282,-2.095514163,-1.514681392,0.441528407,1.288987544,0.68705588,1.442452469,0
-0.134221987,0.186136584,-0.322053674,0.113843745,0.032298551,0.086257923,0.154639378,0.42273368,0.01131444,0.491147359,-0.2667028,0.550421069,1
-0.017535318,-0.475258673,0.042304048,-0.040402551,-1.002757382,-0.46697278,-0.506225644,0.60781006,0.249425542,0.057999121,-0.531351504,-0.013896375,1
-0.531351504,-0.013896375,0.549906546,0.322600421,-0.33758949,0.433668619,-0.501281752,0.043739758,0.34638964,-0.168275562,-0.072851837,0.483366401,0
-0.402434267,-0.921522713,0.239037883,-0.36866645,0.213545039,0.108889466,-0.016982179,-0.405025256,-0.102889098,-0.274285086,0.020682908,0.271282372,0
0.125444475,0.705109449,0.268419207,-0.244864879,-0.008928248,-0.289543667,-0.04092959,0.428097286,0.366900241,-1.05947792,0.231302731,0.061020477,1
0.436954161,-0.139083055,0.211608655,-0.618400919,0.179605714,0.426075414,-0.470535025,-0.84307158,-0.152425492,0.210559902,0.272537786,0.492842993,1
-1.530663022,-2.497640302,0.088085651,3.54995778,0.16148024,1.165683186,-1.343199651,-3.084789558,-1.362705175,2.266470729,2.358794801,0.937619658,0
0.549906546,0.322600421,-0.33758949,0.433668619,-0.501281752,0.043739758,0.34638964,-0.168275562,-0.072851837,0.483366401,-0.59762267,0.345313989,1
-0.240892242,-0.166506158,0.274883232,-0.22164318,-0.159063954,0.190345178,-0.415643013,-0.272345772,-0.246000717,0.15350061,-0.628279382,0.809638522,1
-0.688937137,0.278248669,0.061484134,0.414151111,0.162528993,0.805068271,-0.826730424,-0.294349608,1.331866835,0.313809859,-0.003983823,0.441454903,1
-0.509398002,0.111397898,-0.193047754,-0.772489555,-0.50389671,-0.416690168,-0.29485481,-0.662408591,0.017907894,-1.011391617,-0.218809843,0.097470364,1
0.00904516,0.257203038,-0.290723181,0.368276829,0.078298534,0.363258368,-0.062893479,0.206802714,-0.03850345,-0.116627547,-0.094501206,-0.416528781,1
-0.004832306,-0.089710978,0.06103406,0.477284007,0.418827355,-0.653354109,0.144365169,-0.618221954,0.076557626,0.18677308,-0.090801809,-0.237509228,1
0.252278587,-0.91842519,-0.077540066,-0.087456346,-0.879900967,-0.187800794,-0.582735067,0.098209924,-0.089430281,-0.028737106,0.204019178,0.592137889,1
-0.229832933,0.59053946,0.384031025,-0.151975684,0.090631367,-0.004538825,0.510419324,0.228108536,-0.046426887,0.223511387,0.099340436,-0.375060966,0
0.408742497,-0.153525112,-0.153279035,0.146117263,0.101017429,-0.080450634,0.277289132,-0.152070493,-0.306498416,-0.084970551,0.073461168,0.137379165,1
0.546343769,-0.218159232,0.249209027,-0.214697123,-0.057051835,-0.262400463,0.635060057,-0.098205663,0.16544622,-0.40531128,-0.275283505,0.350313009,1
-1.32486139,-1.873984434,1.468845993,1.97948343,-0.010411096,0.240917275,-1.01458741,-2.11901869,-0.983158381,1.58614732,2.316646282,-0.213342373,0
-0.072951173,0.12660508,0.245217482,-0.096502305,-0.601072262,0.265051374,0.225039775,-0.23085532,-0.062450861,-0.060330452,0.067720458,0.184056123,1
0.158348096,-0.091315799,-0.0536342,0.180297071,0.31407218,0.224675721,0.023050991,0.113130018,0.13067945,-0.693623768,-0.088588189,0.111812552,0
-0.002561695,0.140389602,-0.101327154,-0.092503569,0.095189899,0.181017989,-0.259839301,0.179964442,0.240625659,-0.438617838,-0.133358591,0.910107073,0
0.041157823,-0.01695102,0.387328551,0.113887953,-0.336302651,0.08582223,-0.117141537,-0.334870403,0.005606487,0.232555482,-0.365986244,0.224823793,1
0.566522807,0.421859098,-0.632471198,0.650462715,-0.270652534,-0.550433319,0.367045916,0.256336712,-0.573784448,0.122292624,0.174947313,-1.111862831,1
0.027059048,0.363108166,-0.248603957,-0.081585407,0.071963406,0.488079664,-0.048729723,0.168957331,-0.759579083,-0.26941736,-0.012938968,0.488327071,1
0.14045485,-0.005652293,-0.497751199,0.487257812,0.030107569,0.181704552,0.592132297,0.035086615,-0.592208729,0.333099134,-0.179100779,0.364222433,1
-0.061407435,0.153788232,-0.52689497,-0.225027258,0.590114153,-0.194647781,-0.282670581,0.193173189,0.014888668,0.211571637,0.127477798,-0.146660281,1
-0.415481093,-0.103260077,-0.3766554,0.325258788,0.710759612,0.277832417,0.21381535,0.229124265,0.210833142,-0.154664678,0.373296888,-0.132975095,1
-2.669497283,-1.473656727,2.84374525,2.583736305,0.100063751,-2.167873847,-2.912620455,-1.102971601,2.428249509,2.615307547,1.198372423,-3.315992421,0
0.541426242,-0.067438696,-0.028248416,0.255065585,0.107900102,0.236192828,0.140859384,-0.357320585,0.078987227,-0.305496269,-0.002561695,0.140389602,1
-0.548159779,0.06409563,0.547317155,-0.48441036,0.4121082,-0.066277291,-0.785756891,-0.12072775,0.640413543,-0.57279322,0.509296535,-0.395694073,1
0.000591754,-0.142952628,0.044957355,0.445471217,-0.103435579,0.112698053,0.115940718,-0.031465248,-0.881169697,-0.217366143,0.479774862,-0.431884301,1
0.174213879,0.764917922,-0.293166898,0.57132422,0.383365767,-0.245888066,-0.228590302,0.508592395,-0.239064781,0.432122921,-0.245395913,-0.218802652,1
5.452322723,0.91998021,-1.295192976,-0.785925736,-1.467269402,0.334601956,1.725357674,3.198355003,0.214871294,-1.840086121,-3.396404972,-0.913289284,0
0.311690515,-0.014197844,-0.708958782,0.167267822,-0.080771812,0.248920074,-0.038614504,0.14885153,-0.47372123,0.367209701,-0.257306901,0.040718668,1
0.177744165,-0.090320576,-0.023503728,0.027539216,-0.546142701,0.023635821,0.347484732,-0.670088348,-0.277844667,0.527717887,-0.699843048,0.084695447,1
-0.317637886,0.255309264,0.212619857,0.081681814,-0.639041749,-0.063661268,-0.121055319,0.436685182,-0.012771189,0.206626147,0.315090839,-0.239224304,1
0.082154259,-0.486725712,-0.768217046,0.155193049,0.157961938,0.06907361,-0.367768432,0.407783226,-0.481818305,-0.020787837,-0.090636427,0.086812394,0
-0.331683398,0.431942891,-0.023531159,0.171944599,-0.108144847,0.456518275,-0.027540814,0.238181943,-0.240291166,0.275931452,0.003294597,0.424496426,1
0.471524922,0.089090994,0.065976354,0.362947045,-0.03105885,-0.44716552,0.159656507,0.293107243,0.098553738,0.430896801,0.577050549,0.39483041,1
0.361430108,-0.336633415,-0.052212871,0.108658837,0.109462312,0.256912487,0.056864082,0.084132987,-0.111200025,-0.103976467,0.113328157,0.193437907,1
-0.039451269,-0.244649962,0.151886202,0.089712842,-0.741505807,-0.096689792,-0.172911326,0.021543375,-0.084612889,-0.046580019,0.353304005,-0.296072407,0
0.214220683,-0.40293574,0.304208098,-0.272739387,-0.012076104,-0.001482848,0.29046379,-0.440910287,0.275230508,0.242942609,-0.07597173,0.028791435,1
-0.233481463,0.005550827,-0.196817458,-0.143132392,0.872749315,-0.090454799,0.060997841,-0.041399105,0.285199785,-0.169585038,0.221436785,-0.974330002,1
0.108006362,-1.353037101,-3.749349184,-1.014287005,2.225184808,2.983693034,0.134211335,-0.637435064,-1.059492034,-3.325905505,-1.3562542,3.362854469,0
0.599901537,-0.147508498,-0.235116911,-0.207677563,0.283835714,0.041059286,0.3682992,0.212327176,-0.099309277,-0.179100513,0.333795551,-0.225815288,1
-0.218977089,0.139293978,0.51228833,0.083303945,0.288565755,0.021360416,-0.388793822,0.634279218,0.180308523,-0.363457573,-0.093950997,-0.085092524,1
0.219721709,0.08253296,-0.384583098,0.304219549,0.266368307,-0.088679802,-0.122123247,0.204740895,0.600273048,0.188982172,-0.253372613,0.19868966,0
-0.533929444,-0.214183133,0.505925772,-0.41234096,-0.040171122,0.126692432,0.078320638,0.04535603,0.374162415,-0.185004741,0.219913456,0.461147914,1
-0.076662554,0.168407388,0.184351468,0.019527096,-0.390281464,0.045544316,-0.321483757,-0.312793596,0.242969507,0.189639973,-0.550164873,-0.10847428,1
-0.227390281,0.249166949,0.1586999,-0.083177179,0.011950669,0.167582075,-0.2036482,-0.056099222,0.12604049,0.140979492,0.362702567,0.053516222,0
-0.12245481,0.344827163,0.402449181,0.199704059,0.838257916,-0.463196684,0.259450213,0.324055838,1.263332248,-0.043031623,-0.483365336,-0.053460029,1
0.05172205,0.252033043,-0.067777982,0.073285666,0.40509876,0.178155623,-0.351716228,0.330710013,-0.027495008,0.270691416,0.383882953,0.383882953,1
0.269929752,-0.070308252,-0.102428904,-0.034367029,-0.169053471,-0.386404967,0.035441614,0.19910751,-0.429404632,0.14867443,-0.142428785,0.276932002,0
0.270599804,0.384223572,0.094716922,0.178178793,0.326306476,0.133880304,-0.691393104,-0.146072788,-0.398771089,-0.018611235,-1.167315437,-0.715851043,0
-0.183664372,0.253374744,-0.112152904,0.067890368,0.079120918,0.001148089,-0.145935635,0.307515744,-0.486952614,-0.017707358,-0.122724855,-0.060071327,1
-0.365986244,0.224823793,-0.163112225,-0.507784659,0.234867106,-0.261129603,-0.348080747,0.375274818,0.247261191,-0.54070133,0.249395182,-0.436695834,0
-0.639330169,0.218928087,0.292704041,-0.00882758,-0.058242268,0.079901491,0.279966674,-0.088539986,0.360551798,-0.103047556,0.510500018,0.41866144,0
-0.439991763,0.495802831,0.080309221,-0.185769867,-0.161236028,0.06824803,-0.143524675,-0.03076031,0.432500024,-0.36288526,0.040244092,-0.033232522,1
0.113206983,0.120284067,0.117019831,0.463724523,0.131451767,-0.100620085,-0.048001614,-0.061980014,0.059369584,0.055493353,0.166284316,-0.497941349,0
-0.300454638,-0.169793031,0.050713778,-0.111246897,0.031029555,0.088169274,-0.137721647,-0.058250257,0.281581615,0.414819031,0.341725379,-0.044151482,0
0.586566823,0.146224322,0.693165971,-0.650110912,-0.599903135,0.1903284,-0.596286562,0.496939468,-0.114991834,-0.288646981,0.069182001,0.412249347,1
-0.495078451,-0.088140512,0.132655516,-0.543196978,0.205234645,-0.892430874,0.15977848,0.02963539,-0.098415787,-0.347210692,0.328257508,-0.169769862,1
-0.195635814,0.229189513,0.057198841,-0.664944186,-0.128021616,0.092543516,0.076777603,-0.048802693,0.157411196,-0.493435014,0.177319657,-0.28710794,1
-0.66408798,0.167084863,-0.270079688,0.40636456,0.312204771,0.159410165,-0.496303505,0.635359396,0.113700467,0.082185151,-0.031346471,0.127865554,1
-0.084041375,-0.183443862,-0.210378275,-0.261780213,0.273141525,0.232018589,-0.341250538,0.03955753,0.48793026,-0.339477405,-0.001939048,0.336775895,1
0.506865336,-0.189392299,-0.057244115,0.171157635,0.022339128,-0.200537095,-0.030660441,-0.239474907,-0.216251876,0.48807487,0.170280123,-0.475136967,0
0.224164927,-0.21945273,0.155120079,0.064042633,0.110852749,-0.687064402,0.264757627,0.363324149,-0.464960496,-0.340245195,0.190801644,-0.273576951,1
-0.295863082,-0.208576646,0.203498264,0.43177165,-0.229114944,-0.120970098,0.14048015,-0.672253764,0.12624076,0.384940761,-0.415851273,-0.166534387,1
0.777570068,1.598322227,0.373770931,0.065744393,-0.358679862,0.364893549,0.794509104,0.034937478,-0.440611747,-0.090217245,0.369169787,0.381280512,1
0.245764761,-0.040866207,-0.256715946,0.034986746,0.234840208,-0.266671907,0.038911713,0.429146305,-0.467010597,-0.071853684,0.279466798,-0.198502707,1
-0.143141713,0.171609573,-0.293005777,0.234981089,-0.336456582,0.106751481,-0.09379893,0.446423829,0.374255093,0.211298397,-0.11025407,-0.444434182,1
-0.035270639,0.039102129,-0.016611467,0.352062173,-0.340331215,0.18477491,0.290932772,-0.188789892,-0.167773556,0.432788977,-0.557841168,0.009607354,0
-0.181170322,0.332204579,-0.320804918,0.519082321,0.177072249,-0.288325804,-0.046486542,0.398268817,0.103366869,0.319535655,-0.340535213,-0.124863639,1
0.272065874,-0.047634098,-0.133289348,-0.084699442,0.427964128,0.651501348,0.307481123,-0.201568538,0.18474748,0.390432732,1.256075134,0.841738668,1
0.1487988,0.337717588,-0.049036519,0.295747767,0.315557425,-0.114032031,0.245681671,0.356836156,0.157483901,0.310773056,0.326689971,-0.418115759,0
0.027354127,-0.288519149,0.15556749,0.756652269,-0.376238349,0.073884078,0.177548689,0.145940961,-0.608541896,-0.091964811,0.159297247,0.035377432,0
0.236994439,0.181929589,-0.68442734,-0.42885176,0.390024735,0.238648795,0.264589848,0.210109295,-0.091150949,-0.062431953,0.150228651,0.066988089,0
0.232305411,1.697473046,-1.497206794,-2.821052987,-1.066177634,1.766198049,2.500255526,-0.010318684,-0.015550997,-0.383509844,2.087965965,-2.333045229,0
0.566471941,0.259677647,-0.360813587,-0.25902251,0.556442476,0.790909575,-0.127289513,0.329126231,-0.392974719,-0.657474019,0.205811486,-0.75797293,1
0.104909905,0.497424429,0.406831945,0.352964452,0.247091814,0.25298539,0.887439045,0.064788584,0.099388906,0.013481454,-0.124109698,-0.474815257,1
0.824316801,-0.326728853,-0.121965587,0.166643577,-0.474862395,0.17848692,-0.323447839,-0.528502454,-0.150722667,0.013102753,0.122386101,0.12262179,1
-0.093748064,-0.366615283,0.577650559,0.142759017,0.207029616,-0.23002761,0.229106156,-0.050413373,0.458166239,-0.11018323,0.771535345,-0.289588142,1
-0.397690112,-0.013755493,-0.094184822,-0.107738981,0.151233728,-0.443401141,-0.268298832,0.180836361,-0.021473068,0.168150926,0.031745679,-0.065425346,1
-0.109798936,0.219835959,-0.462238479,-0.263283567,0.270307655,0.535297776,0.054574296,0.250025553,0.342635648,0.234194924,0.270599804,0.384223572,1
-0.133715188,-0.333175567,0.202576544,-0.189687111,0.298005063,0.262700335,-0.034730284,-0.467790903,-0.088710961,0.108162423,0.440799499,0.454946477,1
0.023673904,-0.05912191,-0.301664246,0.22078724,0.22077419,-0.312896128,0.031445807,0.133403864,-0.063572318,0.318334037,-0.192050933,0.125407989,0
0.190801644,-0.273576951,0.433309625,0.531595982,-0.797260682,0.018419487,0.190117744,0.018925488,0.018370219,0.128128941,0.119223064,0.107492106,0
-0.112636534,0.193035237,0.436954161,-0.139083055,0.211608655,-0.618400919,0.179605714,0.426075414,-0.470535025,-0.84307158,-0.152425492,0.210559902,0
-0.11924144,-0.12171818,-0.230008169,0.571294659,0.033675406,0.307728797,-0.453791731,0.102177768,0.055934372,-0.252515608,-0.319920215,0.324748526,1
0.098707935,0.141562192,0.038751923,0.484828743,0.097448526,-0.239651741,-0.031186415,-0.124357106,0.418773559,0.346209077,-0.126564867,0.367391328,0
0.127616283,-0.301506853,0.171554446,-0.075287031,-0.31043084,0.247772252,0.422353913,-0.454329689,0.016474581,0.083677587,0.466032684,0.154743508,1
0.351113289,0.025134914,-0.124830616,-0.21989588,0.011705126,-0.144602989,0.161639497,0.051853078,-0.310919264,-0.130027509,0.198930677,-0.461338064,0
0.184684895,0.342450825,0.065494854,-0.187000514,0.240156677,-0.274545277,0.278919785,0.020803815,-0.274777771,-0.188531033,-0.134059002,0.045156826,1
-0.010835071,-0.625474275,0.338085637,-0.28712818,-0.18404041,-0.263296883,0.643008794,-0.137167976,0.583566505,-0.387708051,0.260566877,-0.005645103,1
-0.674015179,0.004417385,0.824316801,-0.326728853,-0.121965587,0.166643577,-0.474862395,0.17848692,-0.323447839,-0.528502454,-0.150722667,0.013102753,0
0.371060099,0.069488797,0.491526593,-0.616359606,0.939373882,0.837676016,-0.044864677,0.356101389,0.111270332,-0.084191577,-0.039451269,-0.244649962,1
-0.110346748,0.134126646,0.135494446,0.181922398,-0.193234175,0.115467741,0.033944651,0.220269255,0.015326758,-0.009761284,-0.084811028,0.281480148,1
-1.209439455,-0.190706302,0.361056733,0.040117859,0.026614833,-0.00339846,-0.723581667,-0.10998083,-0.594698785,0.486491621,0.526329315,0.500140055,1
0.357429508,0.255388626,-0.269455177,0.009240903,-0.095914279,0.149367118,0.392181363,-0.074709658,0.135158355,0.087135169,0.473803522,0.294474244,1
0.122386101,0.12262179,0.025459021,-0.326375984,0.160783557,0.023980434,-0.488924418,0.021553229,0.336210239,-0.561247351,0.018146513,0.065881279,0
0.215399931,-0.423093473,0.211132215,0.216460136,-0.194669086,-0.409755031,0.135160752,0.220395489,-0.341034023,-0.034412036,-0.209465343,-0.515280126,0
-0.628279382,0.809638522,0.251679376,0.356078752,0.03100532,-0.090546678,-0.245856907,0.09746637,0.270103124,-0.157657272,0.393535314,-0.42668155,0
0.384240349,-0.210279738,0.025643578,0.031528365,-0.253776615,-0.275871797,0.136594065,-0.273107969,-0.173006668,-0.014637799,-0.346035706,-0.130012062,1
0.235082822,0.229110417,0.153656139,-0.639110725,0.282940093,-0.254141202,-0.404953351,0.163973225,-0.367476816,-0.09306523,0.410861041,-0.246506185,1
-0.237079128,0.162402493,0.049568086,-0.174165409,0.293269696,-0.059117649,-0.237596846,0.032268191,-0.10548568,0.134283506,0.31869889,0.267612536,1
0.141722248,0.492062954,-0.315451697,0.096549976,-0.184211652,-0.443376907,0.082013377,0.746354091,-0.094906273,0.227948213,-0.344610382,-0.363982216,1
0.548966717,0.372055056,-0.307009743,-0.16330344,0.120704847,-0.055874451,0.857159968,-0.774772683,-0.104082993,-0.025094434,-0.025255822,-0.575510976,1
-0.01631852,-0.004785168,0.191866375,-0.274316245,0.143508696,-0.107046825,-0.736993879,-0.334359342,0.248688113,0.043532564,-0.464607627,-0.049523877,0
-0.630122023,-0.154542705,0.136118158,-0.406952586,0.544555457,0.173986445,-0.395642407,0.078502532,0.54221294,-0.236345959,0.216318988,0.277248385,1
-0.287219793,0.006451774,-0.087782051,0.677285807,-0.754810693,-0.099444033,-0.366031784,-0.490429637,0.182337319,-0.036123117,-0.310814601,0.066191804,1
0.007905061,-0.15851774,-0.033061014,0.057410296,-0.384733567,0.113153187,0.210401977,-0.373428714,0.03935939,-0.053052299,0.105906992,0.27317295,1
0.928228819,-0.066997144,-0.138316864,-0.228061398,0.29745006,1.017890529,0.533360326,-0.008875251,-0.437450308,-0.057890997,0.259730112,0.360990154,1
0.022120216,-0.039408925,-0.175993403,-0.02798929,0.371771163,-0.088232924,0.033514817,0.185919004,-0.505923642,-0.023554328,0.109834889,0.601297566,1
-0.344883356,0.376232224,-0.090566386,0.202535531,0.228710677,0.160306585,-0.132149515,0.290443283,0.450323762,0.01074479,0.133932502,0.072408687,1
-0.545639363,0.23444899,-0.28962516,-0.364077557,0.055103466,0.509681628,-0.480534928,0.298451941,0.234933685,-0.199658519,0.310779448,0.126450883,1
0.344625029,0.323755167,0.022231536,0.0359082,-0.050182743,0.109431952,-0.18787696,0.300869293,0.08007939,0.040351684,-0.639330169,0.218928087,1
-0.227576436,-0.169056401,0.562948312,-0.649451247,0.439835701,-0.204700415,-0.295629257,-0.132315697,-0.251087355,0.328410107,0.469423155,0.227793484,1
0.239037883,-0.36866645,0.213545039,0.108889466,-0.016982179,-0.405025256,-0.102889098,-0.274285086,0.020682908,0.271282372,0.202519286,-0.198016946,1
0.503532922,2.017696596,0.482448942,1.014153048,-1.230446736,-1.924800743,-0.761262467,1.103068274,2.679524883,-0.216769329,0.017996045,-2.454022251,0
0.147086387,-0.534783253,-0.036771597,-0.014593058,0.234781619,-0.208034426,0.18453416,0.12972737,0.189244227,-0.221515614,0.048537975,-0.257453642,1
-0.401937854,0.166932796,-0.107457485,0.007000918,-0.046621831,0.282235953,-0.423692418,0.176681297,-0.308398315,-0.128381409,0.021270668,0.182667284,1
-0.463082168,0.378589122,-0.591759987,0.580698814,-0.131226464,-0.58056459,0.186953909,0.714441698,0.010754111,0.073792998,-1.424886524,-0.33322164,1
0.383680553,4.433984517,0.695126856,0.740299927,-2.076959387,-1.964148149,-1.902970812,1.222543806,2.545401433,1.724733962,1.415009659,3.204358833,0
0.025459021,-0.326375984,0.160783557,0.023980434,-0.488924418,0.021553229,0.336210239,-0.561247351,0.018146513,0.065881279,0.065197646,0.06382665,1
0.068510085,-0.02951901,-0.467677186,0.001408812,-0.040867272,-0.04637895,-0.045651375,-0.304631274,-1.058426504,-0.732589543,-1.080130201,-0.370081654,1
0.122121915,0.263297682,0.273372687,-0.172498536,-0.266980834,-0.397953765,0.017540112,0.037572409,0.507059214,-0.223867452,-0.642541143,0.025912025,1
0.294527773,0.563987478,0.403284082,-0.460995049,0.071284567,0.000321444,0.862984834,0.502085228,-0.745150076,-0.61694923,0.04320899,-0.213138641,1